{
 "cells": [
  {
   "cell_type": "code",
   "execution_count": 3,
   "metadata": {},
   "outputs": [],
   "source": [
    "import open3d as o3d\n",
    "import numpy as np\n",
    "import glob\n",
    "import copy\n",
    "import math\n",
    "\n",
    "voxel_size = 0.035\n",
    "max_correspondence_dist_coarse = voxel_size * 15\n",
    "max_correspondence_dist_fine = voxel_size * 1.5\n",
    "radius_normal = voxel_size * 2\n",
    "radius_feature = voxel_size * 5\n",
    "\n",
    "def preprocess_point_cloud(pcd, voxel_size):\n",
    "    #print(\":: Downsample with a voxel size %.3f.\" % voxel_size)\n",
    "    #pcd_down = o3d.geometry.voxel_down_sample(pcd, voxel_size)\n",
    "    radius_normal = voxel_size * 2\n",
    "    #print(\":: Estimate normal with search radius %.3f.\" % radius_normal)\n",
    "    o3d.geometry.estimate_normals(pcd,o3d.geometry.KDTreeSearchParamHybrid(radius=radius_normal, max_nn=30))\n",
    "    radius_feature = voxel_size * 5\n",
    "    #print(\":: Compute FPFH feature with search radius %.3f.\" % radius_feature)\n",
    "    pcd_fpfh = o3d.registration.compute_fpfh_feature(pcd,o3d.geometry.KDTreeSearchParamHybrid(radius=radius_feature, max_nn=100))\n",
    "    return pcd_fpfh\n",
    "\n",
    "\n",
    "def load_point_clouds(directory ,voxel_size ,n,g):\n",
    "    pcds = []\n",
    "    fpfh = []\n",
    "    for i in range(n):\n",
    "        pcd = o3d.io.read_point_cloud(directory + \"%d.ply\" % i)\n",
    "        #pcd_down = o3d.geometry.voxel_down_sample(pcd, voxel_size=voxel_size)\n",
    "        pcd_down = pcd\n",
    "        '''\n",
    "        ss = np.asarray(pcd_down.points)\n",
    "        ss = ss - np.mean(ss)\n",
    "        pcd_down.points = o3d.utility.Vector3dVector(ss)\n",
    "        '''\n",
    "        pcd_fpfh = preprocess_point_cloud(pcd_down, voxel_size)\n",
    "        fpfh.append(pcd_fpfh)\n",
    "        pcds.append(pcd_down)\n",
    "    return pcds, fpfh\n",
    "\n",
    "def execute_global_registration(source_down, target_down, source_fpfh, target_fpfh, voxel_size):\n",
    "    voxel_size = 0.035\n",
    "    distance_threshold = voxel_size * 1.5\n",
    "    print(\":: RANSAC registration on downsampled point clouds.\")\n",
    "    print(\"   Since the downsampling voxel size is %.3f,\" % voxel_size)\n",
    "    print(\"   we use a liberal distance threshold %.3f.\" % distance_threshold)\n",
    "    result = o3d.registration.registration_ransac_based_on_feature_matching(\n",
    "        source_down, target_down, source_fpfh, target_fpfh, distance_threshold,\n",
    "        o3d.registration.TransformationEstimationPointToPoint(False), 30, \n",
    "        [o3d.registration.CorrespondenceCheckerBasedOnEdgeLength(0.5),\n",
    "         o3d.registration.CorrespondenceCheckerBasedOnDistance(distance_threshold)],\n",
    "        o3d.registration.RANSACConvergenceCriteria(4000000, 500))\n",
    "    return result\n",
    "\n",
    "def draw_registration_result(source, target, transformation):\n",
    "    source_temp = copy.deepcopy(source)\n",
    "    target_temp = copy.deepcopy(target)\n",
    "    source_temp.paint_uniform_color([1, 0.706, 0])\n",
    "    target_temp.paint_uniform_color([0, 0.651, 0.929])\n",
    "    source_temp.transform(transformation)\n",
    "    o3d.visualization.draw_geometries([source_temp, target_temp])\n",
    "\n",
    "def pairwise_registration(source, target, source_fpfh, target_fpfh, voxel_size):\n",
    "    #source_s, source_fpfh = preprocess_point_cloud(source, voxel_size)\n",
    "    #target_t, target_fpfh = preprocess_point_cloud(target, voxel_size)\n",
    "    \n",
    "    '''\n",
    "    distance_threshold = voxel_size * 3\n",
    "    result_ransac = o3d.registration.registration_ransac_based_on_correspondence(source, target, \n",
    "                                                                                 o3d.registration.CorrespondenceCheckerBasedOnDistance(distance_threshold),\n",
    "                                                                                 max_correspondence_dist_fine,\n",
    "                                                                                 o3d.registration.TransformationEstimationPointToPlane())\n",
    "    \n",
    "    trM = np.asarray([[1.0,0.0,0.0,0.0],[0.0,1.0,0.0,0.0],[0.0,0.0,1.0,0.0],[0.0,0.0,0.0,1.0]])\n",
    "    '''\n",
    "\n",
    "    result_ransac = execute_global_registration(source, target,source_fpfh, target_fpfh, voxel_size)\n",
    "    icp_fine = o3d.registration.registration_icp(source, target, max_correspondence_dist_fine,\n",
    "                                                 result_ransac.transformation,\n",
    "                                                 o3d.registration.TransformationEstimationPointToPlane())\n",
    "    transformation_icp = icp_fine.transformation\n",
    "    #transformation_icp = result_ransac.transformation\n",
    "    information_icp = o3d.registration.get_information_matrix_from_point_clouds(source, target, \n",
    "                                                                                max_correspondence_dist_fine,\n",
    "                                                                                icp_fine.transformation)\n",
    "    return transformation_icp, information_icp\n",
    "\n",
    "\n",
    "def main_registration(pcds,fpfh, max_correspondence_dist_coarse,max_correspondence_dist_fine, voxel_size):\n",
    "    pose_graph = o3d.registration.PoseGraph()\n",
    "    odometry = np.identity(4)\n",
    "    pose_graph.nodes.append(o3d.registration.PoseGraphNode(odometry))\n",
    "    n_pcds = len(pcds)\n",
    "    for source_id in range(n_pcds):\n",
    "            target_id = (source_id + 1) % n_pcds\n",
    "            print(\"performing transformation for:\")\n",
    "            print(source_id)\n",
    "            print(target_id)\n",
    "            transformation_icp, information_icp = pairwise_registration(pcds[source_id], pcds[target_id], \n",
    "                                                                        fpfh[source_id], fpfh[target_id],\n",
    "                                                                        voxel_size)\n",
    "            draw_registration_result(pcds[source_id], pcds[target_id], transformation_icp)\n",
    "            print(\"Build o3d.registration.PoseGraph\")\n",
    "            if target_id == source_id + 1:  # odometry case\n",
    "                odometry = np.dot(transformation_icp, odometry)\n",
    "                pose_graph.nodes.append(o3d.registration.PoseGraphNode(np.linalg.inv(odometry)))\n",
    "                pose_graph.edges.append(o3d.registration.PoseGraphEdge(source_id,target_id,transformation_icp,\n",
    "                                                                       information_icp,uncertain=False))\n",
    "    \n",
    "            else:  # loop closure case\n",
    "                pose_graph.edges.append(o3d.registration.PoseGraphEdge(source_id,target_id,transformation_icp,\n",
    "                                                                       information_icp,uncertain=True))\n",
    "    return pose_graph\n",
    "\n",
    "def final_fun(dirtry, g):\n",
    "    #Directory of Point-cloud goes here\n",
    "    directory = dirtry\n",
    "    n = len(glob.glob1(directory,\"*.ply\"))\n",
    "    o3d.utility.set_verbosity_level(o3d.utility.VerbosityLevel.Debug)\n",
    "    \n",
    "    pcds_down, pcd_fpfh = load_point_clouds(directory,voxel_size,n,g)\n",
    "    o3d.visualization.draw_geometries(pcds_down)\n",
    "    n_pcds = len(pcds_down)\n",
    "    \n",
    "    #check if there is any scalling between the two point clouds\n",
    "    ############################################################\n",
    "    \n",
    "    #Implementing Full Registration\n",
    "    print(\"Full registration ...\")\n",
    "    pose_graph = main_registration(pcds_down, pcd_fpfh, max_correspondence_dist_coarse,max_correspondence_dist_fine, voxel_size)\n",
    "\n",
    "    #Implementing Global Optimization\n",
    "    print(\"Optimizing PoseGraph ...\")\n",
    "    option = o3d.registration.GlobalOptimizationOption(max_correspondence_distance=max_correspondence_dist_fine,\n",
    "                                                       edge_prune_threshold=0.25,reference_node=0)\n",
    "    o3d.registration.global_optimization(\n",
    "        pose_graph, o3d.registration.GlobalOptimizationLevenbergMarquardt(),\n",
    "        o3d.registration.GlobalOptimizationConvergenceCriteria(), option)\n",
    "\n",
    "    print(\"Transform points and display\")\n",
    "    pcd_combined = o3d.geometry.PointCloud()\n",
    "    for point_id in range(len(pcds_down)):\n",
    "        print(point_id)\n",
    "        print(pose_graph.nodes[point_id].pose)\n",
    "        pcds_down[point_id].transform(pose_graph.nodes[point_id].pose)\n",
    "        pcd_combined += pcds_down[point_id]\n",
    "    o3d.visualization.draw_geometries(pcds_down)\n",
    "    pcd_combined_down = o3d.geometry.voxel_down_sample(pcd_combined,voxel_size=voxel_size)\n",
    "    #print(pcd_combined_down)\n",
    "    o3d.io.write_point_cloud(dirtry + \"multiway_registration.ply\", pcd_combined)\n",
    "    #o3d.io.write_point_cloud(\"C:/Users/Kathan/Desktop/ACLAB/3D_Registeration/DATA/lattest_newM/testing_main_copy/final.ply\")\n",
    "    #o3d.visualization.draw_geometries([pcd_combined])"
   ]
  },
  {
   "cell_type": "code",
   "execution_count": 6,
   "metadata": {
    "tags": []
   },
   "outputs": [
    {
     "output_type": "stream",
     "name": "stdout",
     "text": "Full registration ...\nperforming transformation for:\n0\n1\n:: RANSAC registration on downsampled point clouds.\n   Since the downsampling voxel size is 0.035,\n   we use a liberal distance threshold 0.053.\nBuild o3d.registration.PoseGraph\nperforming transformation for:\n1\n2\n:: RANSAC registration on downsampled point clouds.\n   Since the downsampling voxel size is 0.035,\n   we use a liberal distance threshold 0.053.\nBuild o3d.registration.PoseGraph\nperforming transformation for:\n2\n3\n:: RANSAC registration on downsampled point clouds.\n   Since the downsampling voxel size is 0.035,\n   we use a liberal distance threshold 0.053.\nBuild o3d.registration.PoseGraph\nperforming transformation for:\n3\n4\n:: RANSAC registration on downsampled point clouds.\n   Since the downsampling voxel size is 0.035,\n   we use a liberal distance threshold 0.053.\nBuild o3d.registration.PoseGraph\nperforming transformation for:\n4\n5\n:: RANSAC registration on downsampled point clouds.\n   Since the downsampling voxel size is 0.035,\n   we use a liberal distance threshold 0.053.\nBuild o3d.registration.PoseGraph\nperforming transformation for:\n5\n6\n:: RANSAC registration on downsampled point clouds.\n   Since the downsampling voxel size is 0.035,\n   we use a liberal distance threshold 0.053.\nBuild o3d.registration.PoseGraph\nperforming transformation for:\n6\n7\n:: RANSAC registration on downsampled point clouds.\n   Since the downsampling voxel size is 0.035,\n   we use a liberal distance threshold 0.053.\nBuild o3d.registration.PoseGraph\nperforming transformation for:\n7\n8\n:: RANSAC registration on downsampled point clouds.\n   Since the downsampling voxel size is 0.035,\n   we use a liberal distance threshold 0.053.\nBuild o3d.registration.PoseGraph\nperforming transformation for:\n8\n9\n:: RANSAC registration on downsampled point clouds.\n   Since the downsampling voxel size is 0.035,\n   we use a liberal distance threshold 0.053.\nBuild o3d.registration.PoseGraph\nperforming transformation for:\n9\n10\n:: RANSAC registration on downsampled point clouds.\n   Since the downsampling voxel size is 0.035,\n   we use a liberal distance threshold 0.053.\nBuild o3d.registration.PoseGraph\nperforming transformation for:\n10\n11\n:: RANSAC registration on downsampled point clouds.\n   Since the downsampling voxel size is 0.035,\n   we use a liberal distance threshold 0.053.\nBuild o3d.registration.PoseGraph\nperforming transformation for:\n11\n12\n:: RANSAC registration on downsampled point clouds.\n   Since the downsampling voxel size is 0.035,\n   we use a liberal distance threshold 0.053.\nBuild o3d.registration.PoseGraph\nperforming transformation for:\n12\n13\n:: RANSAC registration on downsampled point clouds.\n   Since the downsampling voxel size is 0.035,\n   we use a liberal distance threshold 0.053.\nBuild o3d.registration.PoseGraph\nperforming transformation for:\n13\n14\n:: RANSAC registration on downsampled point clouds.\n   Since the downsampling voxel size is 0.035,\n   we use a liberal distance threshold 0.053.\nBuild o3d.registration.PoseGraph\nperforming transformation for:\n14\n15\n:: RANSAC registration on downsampled point clouds.\n   Since the downsampling voxel size is 0.035,\n   we use a liberal distance threshold 0.053.\nBuild o3d.registration.PoseGraph\nperforming transformation for:\n15\n0\n:: RANSAC registration on downsampled point clouds.\n   Since the downsampling voxel size is 0.035,\n   we use a liberal distance threshold 0.053.\nBuild o3d.registration.PoseGraph\nOptimizing PoseGraph ...\nTransform points and display\n0\n[[ 1.00000000e+00  8.67361738e-18 -2.77555756e-17 -2.77555756e-17]\n [ 3.46944695e-18  1.00000000e+00  6.93889390e-18  6.93889390e-18]\n [ 2.77555756e-17  6.93889390e-18  1.00000000e+00  1.73472348e-18]\n [ 0.00000000e+00  0.00000000e+00  0.00000000e+00  1.00000000e+00]]\n1\n[[ 0.92577287 -0.01871903  0.37761647  0.30751984]\n [ 0.0186399   0.99981879  0.00386458  0.0066605 ]\n [-0.37762038  0.00346101  0.92595403 -0.07159021]\n [ 0.          0.          0.          1.        ]]\n2\n[[ 0.6528345  -0.04637988  0.75607938  0.60935214]\n [ 0.0426208   0.99879167  0.02446767  0.02631795]\n [-0.75630059  0.01625137  0.65402241 -0.30457044]\n [ 0.          0.          0.          1.        ]]\n3\n[[ 0.32910049 -0.05700039  0.94257298  0.7521629 ]\n [ 0.05345137  0.99770057  0.04167152  0.04191961]\n [-0.9427809   0.0366677   0.33139049 -0.5734407 ]\n [ 0.          0.          0.          1.        ]]\n4\n[[-0.02473446 -0.05123528  0.99838026  0.7858245 ]\n [ 0.05009734  0.9973675   0.05242444  0.05452883]\n [-0.99843801  0.05131288 -0.02210259 -0.86356335]\n [ 0.          0.          0.          1.        ]]\n5\n[[-0.36460439  0.00610189  0.93114253  0.70519318]\n [ 0.14713921  0.98779278  0.05114169  0.04865534]\n [-0.91946381  0.15565406 -0.36105141 -1.14857314]\n [ 0.          0.          0.          1.        ]]\n6\n[[-0.67058557  0.02220263  0.74149985  0.54084262]\n [ 0.13443258  0.98663964  0.09203314  0.07752566]\n [-0.72954977  0.16139783 -0.66461106 -1.38918121]\n [ 0.          0.          0.          1.        ]]\n7\n[[-0.92514611  0.03499777  0.37799447  0.23531373]\n [ 0.09742424  0.98427992  0.14731448  0.11991587]\n [-0.36689669  0.17311324 -0.91401238 -1.58179184]\n [ 0.          0.          0.          1.        ]]\n8\n[[-0.99672229  0.04874032  0.06456819 -0.02552383]\n [ 0.05925     0.98324143  0.17241149  0.14154226]\n [-0.05508273  0.17567204 -0.98290652 -1.62843438]\n [ 0.          0.          0.          1.        ]]\n9\n[[-0.90021769  0.08382533 -0.42729548 -0.42426933]\n [ 0.00451256  0.98303881  0.18334214  0.14773956]\n [ 0.43541676  0.16311964 -0.88532719 -1.53441648]\n [ 0.          0.          0.          1.        ]]\n10\n[[-0.74113693  0.08968036 -0.66533712 -0.61149313]\n [-0.03168297  0.98526147  0.16809526  0.13586023]\n [ 0.67060588  0.14566146 -0.72737232 -1.39933334]\n [ 0.          0.          0.          1.        ]]\n11\n[[-0.35532653  0.09370166 -0.9300339  -0.81113708]\n [-0.04391054  0.99219128  0.11674042  0.10070182]\n [ 0.9337103   0.08231926 -0.34843739 -1.07545272]\n [ 0.          0.          0.          1.        ]]\n12\n[[ 0.00134812  0.08106016 -0.9967083  -0.84912261]\n [-0.05467538  0.99522428  0.08086552  0.07129658]\n [ 0.99850327  0.05438639  0.00577368 -0.78400158]\n [ 0.          0.          0.          1.        ]]\n13\n[[ 0.43622778  0.07206653 -0.89694578 -0.75268786]\n [-0.05804718  0.99696532  0.05187163  0.03981504]\n [ 0.89796205  0.02943733  0.43908723 -0.43221576]\n [ 0.          0.          0.          1.        ]]\n14\n[[ 0.72414218  0.04895808 -0.68791075 -0.57314674]\n [-0.04359633  0.9987317   0.02518647  0.01796515]\n [ 0.68827135  0.0117518   0.72535814 -0.20436678]\n [ 0.          0.          0.          1.        ]]\n15\n[[ 9.51200365e-01  1.21810938e-02 -3.08333403e-01 -2.55265166e-01]\n [-1.24825134e-02  9.99921595e-01  9.94921162e-04  8.81545735e-04]\n [ 3.08321347e-01  2.90240645e-03  9.51277837e-01 -3.10357493e-02]\n [ 0.00000000e+00  0.00000000e+00  0.00000000e+00  1.00000000e+00]]\n"
    }
   ],
   "source": [
    "import easydict\n",
    "if __name__ == \"__main__\":\n",
    "    n = input(\"How many Pcds do you have?\")\n",
    "    ang = input(\"Do you know their Angles? Y Or N\")\n",
    "    args = easydict.EasyDict({\n",
    "                           \"dir\": \"C:/Users/Kathan/Desktop/ACLAB/3D_Registeration/DATA/manne_top/iteration3/tests/test_raw_body/\",\n",
    "                           \"n\": int(n),\n",
    "                           \"angle\" : ang \n",
    "                         })\n",
    "    g = []    \n",
    "    if args.angle == \"yes\" or args.angle == \"y\":\n",
    "        g = []\n",
    "        for i in range(1,args.n):\n",
    "            print(\"Enter angle for pointcloud\", i)\n",
    "            h = input()  \n",
    "            g.append(h)\n",
    "    final_fun(args.dir, g)"
   ]
  },
  {
   "cell_type": "code",
   "execution_count": null,
   "metadata": {},
   "outputs": [],
   "source": []
  }
 ],
 "metadata": {
  "kernelspec": {
   "display_name": "Python 3",
   "language": "python",
   "name": "python3"
  },
  "language_info": {
   "codemirror_mode": {
    "name": "ipython",
    "version": 3
   },
   "file_extension": ".py",
   "mimetype": "text/x-python",
   "name": "python",
   "nbconvert_exporter": "python",
   "pygments_lexer": "ipython3",
   "version": "3.7.6-final"
  }
 },
 "nbformat": 4,
 "nbformat_minor": 2
}