{
 "cells": [
  {
   "cell_type": "code",
   "execution_count": 1,
   "metadata": {},
   "outputs": [],
   "source": [
    "import open3d as o3d\n",
    "import numpy as np\n",
    "import glob\n",
    "import copy\n",
    "import math\n",
    "\n",
    "voxel_size = 0.035\n",
    "max_correspondence_dist_coarse = voxel_size * 15\n",
    "max_correspondence_dist_fine = voxel_size * 1.5\n",
    "radius_normal = voxel_size * 2\n",
    "radius_feature = voxel_size * 5\n",
    "\n",
    "def preprocess_point_cloud(pcd, voxel_size):\n",
    "    #print(\":: Downsample with a voxel size %.3f.\" % voxel_size)\n",
    "    #pcd_down = o3d.geometry.voxel_down_sample(pcd, voxel_size)\n",
    "    radius_normal = voxel_size * 2\n",
    "    #print(\":: Estimate normal with search radius %.3f.\" % radius_normal)\n",
    "    o3d.geometry.estimate_normals(pcd,o3d.geometry.KDTreeSearchParamHybrid(radius=radius_normal, max_nn=30))\n",
    "    radius_feature = voxel_size * 5\n",
    "    #print(\":: Compute FPFH feature with search radius %.3f.\" % radius_feature)\n",
    "    pcd_fpfh = o3d.registration.compute_fpfh_feature(pcd,o3d.geometry.KDTreeSearchParamHybrid(radius=radius_feature, max_nn=100))\n",
    "    return pcd_fpfh\n",
    "\n",
    "\n",
    "def load_point_clouds(directory ,voxel_size ,n,g):\n",
    "    pcds = []\n",
    "    fpfh = []\n",
    "    for i in range(n):\n",
    "        pcd = o3d.io.read_point_cloud(directory + \"%d.ply\" % i)\n",
    "        #pcd_down = o3d.geometry.voxel_down_sample(pcd, voxel_size=voxel_size)\n",
    "        pcd_down = pcd\n",
    "        ss = np.asarray(pcd_down.points)\n",
    "        ss = ss - np.mean(ss)\n",
    "        pcd_down.points = o3d.utility.Vector3dVector(ss)\n",
    "        '''for i in range(n):\n",
    "            a = int(g[i-1])\n",
    "            c = math.cos(a*np.pi/180)\n",
    "            s = math.sin(a*np.pi/180)\n",
    "            # Applying Yaw\n",
    "            trMY = np.asarray([[c,-s,0.0,0.0],[s,c,0.0,0.0],[0.0,0.0,1.0,0.0],[0.0,0.0,0.0,0.0]])\n",
    "            #Applying Pitch\n",
    "            trMP = np.asarray([[c,0.0,s,0.0],[0.0,1.0,0.0,0.0],[-s,0.0,c,0.0],[0.0,0.0,0.0,0.0]])\n",
    "            #applying Roll\n",
    "            trMR = np.asarray([[1.0,0.0,0.0,0.0],[0.0,c,-s,0.0],[0.0,s,c,0.0],[0.0,0.0,0.0,0.0]])\n",
    "            pcd_down.transform(trMP)'''\n",
    "        pcd_fpfh = preprocess_point_cloud(pcd_down, voxel_size)\n",
    "        fpfh.append(pcd_fpfh)\n",
    "        pcds.append(pcd_down)\n",
    "    return pcds, fpfh\n",
    "\n",
    "def execute_global_registration(source_down, target_down, source_fpfh, target_fpfh, voxel_size):\n",
    "    voxel_size = 0.035\n",
    "    distance_threshold = voxel_size * 1.5\n",
    "    print(\":: RANSAC registration on downsampled point clouds.\")\n",
    "    print(\"   Since the downsampling voxel size is %.3f,\" % voxel_size)\n",
    "    print(\"   we use a liberal distance threshold %.3f.\" % distance_threshold)\n",
    "    result = o3d.registration.registration_ransac_based_on_feature_matching(\n",
    "        source_down, target_down, source_fpfh, target_fpfh, distance_threshold,\n",
    "        o3d.registration.TransformationEstimationPointToPoint(False), 30, \n",
    "        [o3d.registration.CorrespondenceCheckerBasedOnEdgeLength(0.5),\n",
    "         o3d.registration.CorrespondenceCheckerBasedOnDistance(distance_threshold)],\n",
    "        o3d.registration.RANSACConvergenceCriteria(4000000, 500))\n",
    "    return result\n",
    "\n",
    "def draw_registration_result(source, target, transformation):\n",
    "    source_temp = copy.deepcopy(source)\n",
    "    target_temp = copy.deepcopy(target)\n",
    "    source_temp.paint_uniform_color([1, 0.706, 0])\n",
    "    target_temp.paint_uniform_color([0, 0.651, 0.929])\n",
    "    source_temp.transform(transformation)\n",
    "    o3d.visualization.draw_geometries([source_temp, target_temp])\n",
    "\n",
    "def pairwise_registration(source, target, source_fpfh, target_fpfh, voxel_size):\n",
    "    #source_s, source_fpfh = preprocess_point_cloud(source, voxel_size)\n",
    "    #target_t, target_fpfh = preprocess_point_cloud(target, voxel_size)\n",
    "    \n",
    "    '''\n",
    "    distance_threshold = voxel_size * 3\n",
    "    result_ransac = o3d.registration.registration_ransac_based_on_correspondence(source, target, \n",
    "                                                                                 o3d.registration.CorrespondenceCheckerBasedOnDistance(distance_threshold),\n",
    "                                                                                 max_correspondence_dist_fine,\n",
    "                                                                                 o3d.registration.TransformationEstimationPointToPlane())\n",
    "    \n",
    "    trM = np.asarray([[1.0,0.0,0.0,0.0],[0.0,1.0,0.0,0.0],[0.0,0.0,1.0,0.0],[0.0,0.0,0.0,1.0]])\n",
    "    '''\n",
    "\n",
    "    result_ransac = execute_global_registration(source, target,source_fpfh, target_fpfh, voxel_size)\n",
    "    icp_fine = o3d.registration.registration_icp(source, target, max_correspondence_dist_fine,\n",
    "                                                 result_ransac.transformation,\n",
    "                                                 o3d.registration.TransformationEstimationPointToPlane())\n",
    "    transformation_icp = icp_fine.transformation\n",
    "    #transformation_icp = result_ransac.transformation\n",
    "    information_icp = o3d.registration.get_information_matrix_from_point_clouds(source, target, \n",
    "                                                                                max_correspondence_dist_fine,\n",
    "                                                                                icp_fine.transformation)\n",
    "    return transformation_icp, information_icp\n",
    "\n",
    "\n",
    "def main_registration(pcds,fpfh, max_correspondence_dist_coarse,max_correspondence_dist_fine, voxel_size):\n",
    "    pose_graph = o3d.registration.PoseGraph()\n",
    "    odometry = np.identity(4)\n",
    "    pose_graph.nodes.append(o3d.registration.PoseGraphNode(odometry))\n",
    "    n_pcds = len(pcds)\n",
    "    for source_id in range(n_pcds):\n",
    "            target_id = (source_id + 1) % n_pcds\n",
    "            print(\"performing transformation for:\")\n",
    "            print(source_id)\n",
    "            print(target_id)\n",
    "            transformation_icp, information_icp = pairwise_registration(pcds[source_id], pcds[target_id], \n",
    "                                                                        fpfh[source_id], fpfh[target_id],\n",
    "                                                                        voxel_size)\n",
    "            draw_registration_result(pcds[source_id], pcds[target_id], transformation_icp)\n",
    "            print(\"Build o3d.registration.PoseGraph\")\n",
    "            if target_id == source_id + 1:  # odometry case\n",
    "                odometry = np.dot(transformation_icp, odometry)\n",
    "                pose_graph.nodes.append(o3d.registration.PoseGraphNode(np.linalg.inv(odometry)))\n",
    "                pose_graph.edges.append(o3d.registration.PoseGraphEdge(source_id,target_id,transformation_icp,\n",
    "                                                                       information_icp,uncertain=False))\n",
    "    \n",
    "            else:  # loop closure case\n",
    "                pose_graph.edges.append(o3d.registration.PoseGraphEdge(source_id,target_id,transformation_icp,\n",
    "                                                                       information_icp,uncertain=True))\n",
    "    return pose_graph\n",
    "\n",
    "def final_fun(dirtry, g):\n",
    "    #Directory of Point-cloud goes here\n",
    "    directory = dirtry\n",
    "    n = len(glob.glob1(directory,\"*.ply\"))\n",
    "    o3d.utility.set_verbosity_level(o3d.utility.VerbosityLevel.Debug)\n",
    "    \n",
    "    pcds_down, pcd_fpfh = load_point_clouds(directory,voxel_size,n,g)\n",
    "    o3d.visualization.draw_geometries(pcds_down)\n",
    "    n_pcds = len(pcds_down)\n",
    "    \n",
    "    #check if there is any scalling between the two point clouds\n",
    "    ############################################################\n",
    "    \n",
    "    #Implementing Full Registration\n",
    "    print(\"Full registration ...\")\n",
    "    pose_graph = main_registration(pcds_down, pcd_fpfh, max_correspondence_dist_coarse,max_correspondence_dist_fine, voxel_size)\n",
    "\n",
    "    #Implementing Global Optimization\n",
    "    print(\"Optimizing PoseGraph ...\")\n",
    "    option = o3d.registration.GlobalOptimizationOption(max_correspondence_distance=max_correspondence_dist_fine,\n",
    "                                                       edge_prune_threshold=0.25,reference_node=0)\n",
    "    o3d.registration.global_optimization(\n",
    "        pose_graph, o3d.registration.GlobalOptimizationLevenbergMarquardt(),\n",
    "        o3d.registration.GlobalOptimizationConvergenceCriteria(), option)\n",
    "\n",
    "    print(\"Transform points and display\")\n",
    "    pcd_combined = o3d.geometry.PointCloud()\n",
    "    for point_id in range(len(pcds_down)):\n",
    "        print(point_id)\n",
    "        print(pose_graph.nodes[point_id].pose)\n",
    "        pcds_down[point_id].transform(pose_graph.nodes[point_id].pose)\n",
    "        pcd_combined += pcds_down[point_id]\n",
    "    o3d.visualization.draw_geometries(pcds_down)\n",
    "    pcd_combined_down = o3d.geometry.voxel_down_sample(pcd_combined,voxel_size=voxel_size)\n",
    "    #print(pcd_combined_down)\n",
    "    o3d.io.write_point_cloud(dirtry + \"multiway_registration.ply\", pcd_combined)\n",
    "    #o3d.io.write_point_cloud(\"C:/Users/Kathan/Desktop/ACLAB/3D_Registeration/DATA/lattest_newM/testing_main_copy/final.ply\")\n",
    "    #o3d.visualization.draw_geometries([pcd_combined])"
   ]
  },
  {
   "cell_type": "code",
   "execution_count": 3,
   "metadata": {
    "tags": []
   },
   "outputs": [
    {
     "output_type": "stream",
     "name": "stdout",
     "text": "Full registration ...\nperforming transformation for:\n0\n1\n:: RANSAC registration on downsampled point clouds.\n   Since the downsampling voxel size is 0.035,\n   we use a liberal distance threshold 0.053.\nBuild o3d.registration.PoseGraph\nperforming transformation for:\n1\n2\n:: RANSAC registration on downsampled point clouds.\n   Since the downsampling voxel size is 0.035,\n   we use a liberal distance threshold 0.053.\nBuild o3d.registration.PoseGraph\nperforming transformation for:\n2\n3\n:: RANSAC registration on downsampled point clouds.\n   Since the downsampling voxel size is 0.035,\n   we use a liberal distance threshold 0.053.\nBuild o3d.registration.PoseGraph\nperforming transformation for:\n3\n4\n:: RANSAC registration on downsampled point clouds.\n   Since the downsampling voxel size is 0.035,\n   we use a liberal distance threshold 0.053.\nBuild o3d.registration.PoseGraph\nperforming transformation for:\n4\n5\n:: RANSAC registration on downsampled point clouds.\n   Since the downsampling voxel size is 0.035,\n   we use a liberal distance threshold 0.053.\nBuild o3d.registration.PoseGraph\nperforming transformation for:\n5\n6\n:: RANSAC registration on downsampled point clouds.\n   Since the downsampling voxel size is 0.035,\n   we use a liberal distance threshold 0.053.\nBuild o3d.registration.PoseGraph\nperforming transformation for:\n6\n7\n:: RANSAC registration on downsampled point clouds.\n   Since the downsampling voxel size is 0.035,\n   we use a liberal distance threshold 0.053.\nBuild o3d.registration.PoseGraph\nperforming transformation for:\n7\n8\n:: RANSAC registration on downsampled point clouds.\n   Since the downsampling voxel size is 0.035,\n   we use a liberal distance threshold 0.053.\nBuild o3d.registration.PoseGraph\nperforming transformation for:\n8\n9\n:: RANSAC registration on downsampled point clouds.\n   Since the downsampling voxel size is 0.035,\n   we use a liberal distance threshold 0.053.\nBuild o3d.registration.PoseGraph\nperforming transformation for:\n9\n10\n:: RANSAC registration on downsampled point clouds.\n   Since the downsampling voxel size is 0.035,\n   we use a liberal distance threshold 0.053.\nBuild o3d.registration.PoseGraph\nperforming transformation for:\n10\n11\n:: RANSAC registration on downsampled point clouds.\n   Since the downsampling voxel size is 0.035,\n   we use a liberal distance threshold 0.053.\nBuild o3d.registration.PoseGraph\nperforming transformation for:\n11\n12\n:: RANSAC registration on downsampled point clouds.\n   Since the downsampling voxel size is 0.035,\n   we use a liberal distance threshold 0.053.\nBuild o3d.registration.PoseGraph\nperforming transformation for:\n12\n13\n:: RANSAC registration on downsampled point clouds.\n   Since the downsampling voxel size is 0.035,\n   we use a liberal distance threshold 0.053.\nBuild o3d.registration.PoseGraph\nperforming transformation for:\n13\n14\n:: RANSAC registration on downsampled point clouds.\n   Since the downsampling voxel size is 0.035,\n   we use a liberal distance threshold 0.053.\nBuild o3d.registration.PoseGraph\nperforming transformation for:\n14\n15\n:: RANSAC registration on downsampled point clouds.\n   Since the downsampling voxel size is 0.035,\n   we use a liberal distance threshold 0.053.\nBuild o3d.registration.PoseGraph\nperforming transformation for:\n15\n0\n:: RANSAC registration on downsampled point clouds.\n   Since the downsampling voxel size is 0.035,\n   we use a liberal distance threshold 0.053.\nBuild o3d.registration.PoseGraph\nOptimizing PoseGraph ...\nTransform points and display\n0\n[[ 1.00000000e+00 -1.51788304e-18  0.00000000e+00  6.93889390e-18]\n [ 1.30104261e-18  1.00000000e+00  0.00000000e+00 -3.46944695e-18]\n [-1.38777878e-17  0.00000000e+00  1.00000000e+00  0.00000000e+00]\n [ 0.00000000e+00  0.00000000e+00  0.00000000e+00  1.00000000e+00]]\n1\n[[ 0.86948895 -0.01519595  0.4937186   0.34108617]\n [ 0.00132907  0.99959503  0.02842547  0.05871247]\n [-0.49395061 -0.02405945  0.86915703  0.08731126]\n [ 0.          0.          0.          1.        ]]\n2\n[[ 0.70564248 -0.02912418  0.70796925  0.51934623]\n [-0.0010163   0.99911229  0.04211408  0.08184921]\n [-0.70856732 -0.03043699  0.70498648  0.0496403 ]\n [ 0.          0.          0.          1.        ]]\n3\n[[ 0.39178195 -0.04854579  0.91877647  0.73361693]\n [-0.01335189  0.99820187  0.0584359   0.11557848]\n [-0.91996121 -0.03516153  0.3904293  -0.09041768]\n [ 0.          0.          0.          1.        ]]\n4\n[[-0.02753738 -0.06908947  0.99723033  0.88382184]\n [-0.02407415  0.99736514  0.06843403  0.13978193]\n [-0.99933084 -0.02212298 -0.02912809 -0.34532941]\n [ 0.          0.          0.          1.        ]]\n5\n[[-0.47962533 -0.08414005  0.87343002  0.88766997]\n [ 0.00345076  0.99520347  0.09776575  0.15692938]\n [-0.8774666   0.04990493 -0.47703445 -0.66285136]\n [ 0.          0.          0.          1.        ]]\n6\n[[-0.77550906 -0.09798022  0.62368708  0.80211866]\n [-0.0369125   0.99323075  0.11013694  0.13404208]\n [-0.63025643  0.06239034 -0.77387614 -0.84252024]\n [ 0.          0.          0.          1.        ]]\n7\n[[-0.9481867  -0.10873798  0.29852644  0.66867863]\n [-0.07951191  0.99092298  0.10839515  0.12903787]\n [-0.30760338  0.07904243 -0.94822595 -0.99366442]\n [ 0.          0.          0.          1.        ]]\n8\n[[-0.99090639 -0.08253021 -0.10626992  0.46622117]\n [-0.09055846  0.99320672  0.07307242  0.12441203]\n [ 0.09951732  0.08203157 -0.99164869 -1.11496865]\n [ 0.          0.          0.          1.        ]]\n9\n[[-0.87495376 -0.06373326 -0.47999374  0.23235256]\n [-0.09971603  0.99376818  0.04981489  0.11008976]\n [ 0.47382763  0.09144879 -0.87585643 -1.14359395]\n [ 0.          0.          0.          1.        ]]\n10\n[[-0.66795421 -0.05096474 -0.74245523  0.03140358]\n [-0.10262639  0.99442877  0.02406734  0.09811397]\n [ 0.73709226  0.09227138 -0.66946322 -1.09544081]\n [ 0.          0.          0.          1.        ]]\n11\n[[-0.30810966 -0.02601395 -0.95099512 -0.2106454 ]\n [-0.08823038  0.9960992   0.00133772  0.09962758]\n [ 0.94725067  0.08431883 -0.309203   -0.92776952]\n [ 0.          0.          0.          1.        ]]\n12\n[[ 0.1070793  -0.02037824 -0.99404162 -0.31867013]\n [-0.06374637  0.99759217 -0.02731786  0.06863278]\n [ 0.99220483  0.06629172  0.10552243 -0.70120847]\n [ 0.          0.          0.          1.        ]]\n13\n[[ 0.49059129 -0.0077302  -0.87135551 -0.32697376]\n [-0.04202104  0.99858742 -0.03251765  0.02705201]\n [ 0.87037602  0.05256815  0.48957346 -0.49880154]\n [ 0.          0.          0.          1.        ]]\n14\n[[ 0.7983611  -0.00143545 -0.60217729 -0.27286373]\n [-0.02268894  0.99921539 -0.03246268  0.00389984]\n [ 0.60175141  0.03957971  0.79770213 -0.28492504]\n [ 0.          0.          0.          1.        ]]\n15\n[[ 9.73907972e-01 -8.69453072e-04 -2.26941636e-01 -1.31425636e-01]\n [-3.88971678e-03  9.99781818e-01 -2.05228518e-02  1.26473393e-03]\n [ 2.26909965e-01  2.08701076e-02  9.73692100e-01 -8.23395116e-02]\n [ 0.00000000e+00  0.00000000e+00  0.00000000e+00  1.00000000e+00]]\n"
    }
   ],
   "source": [
    "import easydict\n",
    "if __name__ == \"__main__\":\n",
    "    n = input(\"How many Pcds do you have?\")\n",
    "    ang = input(\"Do you know their Angles? Y Or N\")\n",
    "    args = easydict.EasyDict({\n",
    "                           \"dir\": \"C:/Users/Kathan/Desktop/ACLAB/3D_Registeration/DATA/manne_top/iteration3/raw/\",\n",
    "                           \"n\": int(n),\n",
    "                           \"angle\" : ang \n",
    "                         })\n",
    "    g = []    \n",
    "    if args.angle == \"yes\" or args.angle == \"y\":\n",
    "        g = []\n",
    "        for i in range(1,args.n):\n",
    "            print(\"Enter angle for pointcloud\", i)\n",
    "            h = input()  \n",
    "            g.append(h)\n",
    "    final_fun(args.dir, g)"
   ]
  },
  {
   "cell_type": "code",
   "execution_count": null,
   "metadata": {},
   "outputs": [],
   "source": [
    "import open3d as o3d\n",
    "import numpy as np\n",
    "s = o3d.io.read_point_cloud(\"C:/Users/Kathan/Desktop/Biogen/DATA/lattest_newM/testing_main/5.ply\")\n",
    "ss = np.asarray(s.points)\n",
    "np.mean(ss)-ss\n",
    "s.points = o3d.utility.Vector3dVector(ss)\n",
    "o3d.visualization.draw_geometries([source_temp, target_temp])"
   ]
  },
  {
   "cell_type": "code",
   "execution_count": null,
   "metadata": {},
   "outputs": [],
   "source": [
    "\n",
    "# Applying Yaw\n",
    "trMY = np.asarray([[c,  -s,   0.0, 0.0], \n",
    "                  [s,   c,   0.0, 0.0],\n",
    "                  [0.0, 0.0, 1.0, 0.0], \n",
    "                  [0.0, 0.0, 0.0, 0.0]])\n",
    "#Applying Pitch\n",
    "trMP = np.asarray([[c,   0.0,   s, 0.0], \n",
    "                  [0.0, 1.0, 0.0, 0.0],\n",
    "                  [-s , 0.0,   c, 0.0], \n",
    "                  [0.0, 0.0, 0.0, 0.0]])\n",
    "#applying Roll\n",
    "trMR = np.asarray([[1.0,  0.0,0.0, 0.0], \n",
    "                  [0.0,   c,  -s, 0.0],\n",
    "                  [0.0,   s,   c, 0.0], \n",
    "                  [0.0, 0.0, 0.0, 0.0]])\n"
   ]
  },
  {
   "cell_type": "code",
   "execution_count": 4,
   "metadata": {
    "tags": []
   },
   "outputs": [
    {
     "output_type": "stream",
     "name": "stdout",
     "text": "geometry::TriangleMesh with 0 points and 0 triangles.\n[]\n[]\n"
    }
   ],
   "source": [
    "mesh = o3d.io.read_triangle_mesh(\"C:/Users/Kathan/Desktop/ACLAB/3D_Registeration/DATA/lattest_newM/testing_main_copy/multiway_registration.pcd\")\n",
    "print(mesh)\n",
    "print(np.asarray(mesh.vertices))\n",
    "print(np.asarray(mesh.triangles))\n",
    "o3d.visualization.draw_geometries([mesh])"
   ]
  },
  {
   "cell_type": "code",
   "execution_count": 13,
   "metadata": {},
   "outputs": [],
   "source": [
    "import open3d as o3d\n",
    "pcd = o3d.io.read_point_cloud(\"C:/Users/Kathan/Desktop/Biogen/DATA/lattest_newM/testing_main_copy/multiway_registration.pcd\")\n",
    "o3d.visualization.draw_geometries([pcd])"
   ]
  },
  {
   "cell_type": "code",
   "execution_count": null,
   "metadata": {},
   "outputs": [],
   "source": []
  }
 ],
 "metadata": {
  "kernelspec": {
   "display_name": "Python 3",
   "language": "python",
   "name": "python3"
  },
  "language_info": {
   "codemirror_mode": {
    "name": "ipython",
    "version": 3
   },
   "file_extension": ".py",
   "mimetype": "text/x-python",
   "name": "python",
   "nbconvert_exporter": "python",
   "pygments_lexer": "ipython3",
   "version": "3.7.6-final"
  }
 },
 "nbformat": 4,
 "nbformat_minor": 2
}